              precision    recall  f1-score   support

           0       1.00      1.00      1.00        45
           1       0.94      0.98      0.96        46
           2       0.94      1.00      0.97        44
           3       0.98      0.98      0.98        46
           4       0.98      0.93      0.95        45
           5       1.00      0.96      0.98        46
           6       0.98      1.00      0.99        45
           7       0.94      1.00      0.97        45
           8       0.97      0.88      0.93        43
           9       0.95      0.93      0.94        45

    accuracy                           0.97       450
   macro avg       0.97      0.97      0.97       450
weighted avg       0.97      0.97      0.97       450
